1.1072	6.7060	1.3257	12.3812	0.8520	10.6270	1.1071	15.6513	0.4995	12.5422	0.8289	16.2816	
3.0000	0.0000	
1.5815	5.9883	1.5775	11.9956	1.1145	8.9210	1.2980	14.5413	0.6491	9.9621	0.9882	14.3927	
3.0000	0.0000	
2.0404	6.7262	1.8219	12.3892	1.4539	8.0787	1.5060	14.0477	0.8844	7.8173	1.1830	13.0132	
3.0000	0.0000	
2.3585	8.5374	2.0380	13.4631	1.8208	8.2874	1.7174	14.1755	1.2576	6.3525	1.4113	12.1965	
3.0000	0.0000	
2.5614	10.8659	2.2237	15.0425	2.1393	9.4875	1.9243	14.9123	1.7489	6.1323	1.6652	12.0754	
3.0000	0.0000	
2.6876	13.4621	2.3676	17.0375	2.3668	11.3763	2.1023	16.2056	2.1693	7.2737	1.9056	12.7130	
1.0000	1.2566	
1.4562	14.3860	1.1455	17.7762	1.1631	12.1403	0.8930	16.7595	1.0132	7.9169	0.7174	13.1008	
3.0000	0.0000	
1.6707	14.3696	1.3146	16.7522	1.4157	11.2856	1.0540	15.0252	1.4038	6.8014	0.9029	11.0006	
3.0000	0.0000	
1.8586	14.9738	1.4813	16.2725	1.6695	11.2260	1.2316	13.8286	1.8266	6.9817	1.1421	9.4677	
3.0000	0.0000	
2.0552	16.1090	1.6829	16.3009	1.9407	11.9359	1.4669	13.1432	2.2036	8.3013	1.4820	8.6746	
3.0000	0.0000	
2.1963	17.6883	1.8507	16.8892	2.1428	13.2910	1.6854	13.1641	2.4301	10.3387	1.8129	8.9066	
3.0000	0.0000	
2.3048	19.6095	1.9963	17.9824	2.2947	15.1444	1.8875	13.8224	2.5686	12.7769	2.0924	10.0695	
1.0000	1.2566	
1.0816	20.2149	0.7847	18.3526	1.0814	15.7563	0.6914	14.1318	1.3483	13.5400	0.9101	10.5326	
3.0000	0.0000	
1.2193	19.0017	0.9121	16.3810	1.2607	14.5820	0.8486	12.0099	1.5682	13.1907	1.1707	9.0161	
3.0000	0.0000	
1.3869	18.1902	1.0870	14.7060	1.4806	13.9612	1.0851	10.2276	1.8058	13.5548	1.5266	8.3387	
3.0000	0.0000	
1.5533	17.8898	1.2847	13.5794	1.6960	14.0411	1.3787	9.2337	2.0078	14.5613	1.8784	8.7476	
3.0000	0.0000	
1.7141	18.0760	1.5006	13.0479	1.8939	14.6789	1.6994	9.1266	2.1727	16.0556	2.1604	10.0426	
3.0000	0.0000	
1.8759	18.7370	1.7320	13.1799	2.0764	15.9053	2.0041	9.9647	2.3137	17.9149	2.3722	11.9539	
1.0000	1.2566	
0.6787	19.1195	0.5619	13.4127	0.8826	16.4963	0.8488	10.4984	1.1045	18.7067	1.1800	12.8182	
3.0000	0.0000	
0.8066	16.8950	0.7234	10.9854	1.0564	14.7592	1.1226	8.8039	1.2741	17.5552	1.4295	11.9806	
3.0000	0.0000	
0.9586	14.9275	0.9562	8.9417	1.2584	13.5268	1.4797	7.9767	1.4513	16.9242	1.6894	11.9589	
3.0000	0.0000	
1.1413	13.4211	1.2857	7.5994	1.4802	12.9212	1.8502	8.2802	1.6276	16.8301	1.9252	12.6877	
3.0000	0.0000	
1.3598	12.4903	1.6853	7.3551	1.7099	13.0106	2.1536	9.5626	1.7993	17.2756	2.1249	14.0306	
3.0000	0.0000	
1.6108	12.2222	2.0645	8.2844	1.9360	13.7616	2.3815	11.5114	1.9685	18.2105	2.2945	15.8382	
1.0000	1.2566	
0.4300	12.2871	0.9031	8.7803	0.7401	14.1411	1.1763	12.2526	0.7563	18.5912	1.0782	16.5044	
3.0000	0.0000	
0.5574	9.6738	1.2258	7.3489	0.9043	12.1147	1.4161	11.4504	0.8774	16.5744	1.2477	15.3372	
3.0000	0.0000	
0.7923	7.2765	1.6641	6.9046	1.1468	10.4992	1.6966	11.3628	1.0497	14.8213	1.4600	14.6421	
3.0000	0.0000	
1.1810	5.5941	2.0567	7.7779	1.4320	9.6722	1.9444	12.1101	1.2419	13.5773	1.6646	14.6173	
3.0000	0.0000	
1.7851	5.2763	2.3710	9.6432	1.7790	9.7514	2.1841	13.5639	1.4968	12.9085	1.8941	15.2436	
3.0000	0.0000	
2.2363	6.6464	2.5345	12.0266	2.0449	10.8158	2.3316	15.5261	1.7184	13.0636	2.0570	16.4580	