Parameters Position
[-0.51407311 -0.35712439 -0.71239066  0.75376638] -0.8617669343948364
[-0.0730331  -0.22766105  1.34510171  0.53233789] -3.726752519607544
[-0.74950024 -0.89895483  1.47868574 -1.04537713] 1.217524766921997
[-0.21104982 -0.39964483  0.56284679 -0.24332625] -3.213092803955078
[-0.30827469 -0.50846594  0.12730328  2.15038297] -3.2201037406921387
[-0.1986885  -0.84379701 -0.98416078  1.19070527] -0.7264050841331482
[-1.01832685 -0.58795386 -0.14521133  0.23785784] -0.6875200271606445
[-0.3447727   0.09853764  1.39923842 -1.61510796] -1.4774428606033325
[-0.43123575 -0.33735494 -0.6209797  -0.45375238] 0.8455241322517395
[-0.74160876 -0.46797568  0.39724133 -1.51284512] 0.8063035011291504
[-0.60186444 -0.61704098 -0.31726597  1.13833305] -1.547940969467163
[-0.80998996 -0.50075548  1.84961257 -0.08165156] -1.465504765510559
[-0.35669866 -0.60520132 -0.23242587  0.71097479] -1.2905943393707275
[-0.07299575  0.13726878 -0.38445769 -0.53032741] -0.1594659984111786
[-0.38630591 -0.66189758 -0.05753239  0.56465429] -2.4146416187286377
[-0.29047419 -0.68504727 -0.13327426  0.49831699] -2.0054643154144287
[-0.67746989 -0.48614461  1.31546159 -0.02863348] -1.9145323038101196
[-0.85845965 -0.65630489  1.93940626  0.13552819] 0.06419102102518082
[-0.5360777  -0.71241634  0.34475005  0.76443679] -1.3432680368423462
[-0.58155561 -0.7626582   0.07247683  1.05854175] 0.628628671169281
[-0.22854595 -0.11491243  0.84286195 -1.07857516] -1.1220943927764893
[-0.40560471 -0.43377916  1.35843883 -0.59195428] -1.9621171951293945
[-0.30696153 -0.44956756  0.75062788 -0.33732183] -2.8302841186523438
[-0.72077401  0.03794833  2.34808276 -1.48115528] -1.1918381452560425
[-0.31444194 -0.40273075  0.45831074 -0.27157682] -2.3881325721740723
[-0.29931611 -0.66166615 -0.61292357  0.82575935] -0.6611513495445251
[-0.4360403  -0.64426252  0.32016584  0.473663  ] -3.746673583984375
[-0.51959972 -0.9832465  -1.17163625  2.00921229] 1.0865602493286133
[-0.73803416 -0.67808214  0.62644575  0.84686571] 0.19997136294841766
[-0.54249218 -0.62533251  0.13209062  0.80725647] -2.4208030700683594
[-0.6130199  -0.52800689  0.87641379  0.21695409] -2.5286526679992676
[-0.346106   -0.59854484 -0.14691952  0.47647171] -2.5682079792022705
[-0.25104665 -0.40248788  0.93339179 -0.74612485] -1.668088674545288
[-0.48817009 -0.51790751  0.85442329 -0.05247532] -2.5478358268737793
[-0.3508142  -0.5457854  -0.09049056  0.37402827] -3.634878158569336
[-0.58216201 -0.55788919  1.13303835  0.04271751] -2.7331490516662598
[-0.32528347 -0.71027235 -0.91114113  1.1183671 ] -0.5536943674087524
[-0.59931579 -0.50180286  0.99345219  0.0840942 ] -2.171748638153076
[-0.3122298  -0.48179136  0.66836175 -0.18043372] -2.4860024452209473
[-0.32235482 -0.54431394  0.16628443  0.18343636] -3.0407931804656982
[-0.33487729 -0.48803597  0.99610616 -0.48760098] -2.642029285430908
[-0.61970619 -0.5329752   1.32186113 -0.04787206] -2.597424030303955
[-0.27065963 -0.51492411  0.44588422 -0.12396329] -4.153934955596924
[-0.50404395 -0.61078315 -0.13177131  0.79049448] -3.4020256996154785
[-0.46531911 -0.43524405  1.35712964 -0.47416256] -2.5629079341888428
[-0.47092399 -0.4853683   0.89939987 -0.11147971] -3.7467942237854004
[-0.38607075 -0.46681473  0.8888524  -0.35001929] -1.6770918369293213
[-0.52363036 -0.50242938  0.91376268 -0.03933392] -3.567979335784912
[-0.62083159 -0.53263173  0.84902533  0.34891042] -2.6428580284118652
[-0.3314758  -0.46977579  0.74249486 -0.27553939] -1.9027574062347412
[-0.60512939 -0.51322556  0.95270051  0.12407962] -2.1568045616149902
[-0.08057527 -0.47438233  0.44338351 -0.44221594] -1.9812959432601929
[-0.21863722 -0.42195032  0.84472956 -0.65370874] -2.0404818058013916
[-0.18695677 -0.39731841  0.85025441 -0.77275737] -1.6513116359710693
[-0.35970306 -0.46830852  0.73378655 -0.14384809] -3.0870957374572754
[-0.38155052 -0.45760223  0.97602971 -0.46343822] -2.6627609729766846
[-0.46162159 -0.49774173  0.90925405 -0.18046797] -2.899069309234619
[-0.47816799 -0.50654415  0.8097282   0.00685295] -2.6092987060546875
[-0.50502382 -0.4691633   1.0502708  -0.22742005] -2.2613377571105957
[-0.53626646 -0.51972452  0.75708853  0.24227478] -2.342984437942505
[-0.35061553 -0.43320166  0.99982114 -0.52844369] -2.4241745471954346
[-0.3601775  -0.43990949  0.94447729 -0.45610643] -2.5411200523376465
[-0.27818541 -0.42679508  0.89657769 -0.58435295] -1.6032192707061768
[-0.13418922 -0.4400812   0.66090788 -0.6068184 ] -1.8286898136138916
[-0.06327841 -0.48967075  0.31633701 -0.33425763] -2.8476829528808594
[-0.22143982 -0.50963942  0.43796798 -0.12357061] -3.4801628589630127
[-0.55377187 -0.49509464  0.99792843 -0.04092916] -3.421250581741333
[-0.1416493  -0.46390466  0.53752496 -0.44396541] -2.122617244720459
[-0.44506576 -0.5180656   0.77977218  0.00912856] -2.677549123764038
[-0.46984108 -0.49775898  0.80231184 -0.02365825] -2.6470344066619873
[-0.15492443 -0.45938371  0.59519707 -0.47394941] -1.5889039039611816
[ 0.11655936 -0.39757131  0.43796839 -0.95424963] 0.06829895079135895
[-0.54640286 -0.50090119  0.93962917  0.00716565] -3.8898110389709473
[-0.51275898 -0.47860641  0.9937642  -0.14542386] -2.811323642730713
[-0.20939975 -0.42712718  0.78231626 -0.60852095] -1.932923674583435
