0.0 16.866082398035907
0.1 41.80834940786949
0.2 44.12462434205202
0.30000000000000004 10.984362321006857
0.4 84.28925699853261
0.5 21.31919584858085
0.6 59.41815894838314
0.7 18.80141510186235
0.7999999999999999 47.903871382229305
0.8999999999999999 80.1003776582499
0.9999999999999999 10.152823704123016
1.0999999999999999 79.87534947380873
1.2 7.697311285448826
1.3 1.1958066727034367
1.4000000000000001 6.234663301162469
1.5000000000000002 24.656358836883008
1.6000000000000003 71.23295538357475
1.7000000000000004 97.38100337454654
1.8000000000000005 38.15316054768751
1.9000000000000006 23.20626885299251
2.0000000000000004 26.87232324006985
2.1000000000000005 71.26411545220148
2.2000000000000006 9.76786485398653
2.3000000000000007 7.185578667596182
2.400000000000001 96.98857958786814
2.500000000000001 63.14927413452226
2.600000000000001 10.83496183251107
2.700000000000001 11.401125094976939
2.800000000000001 49.74385452984812
2.9000000000000012 75.07800430971409
3.0000000000000013 50.33807771102803
3.1000000000000014 7.022441399338463
3.2000000000000015 69.6160593493556
3.3000000000000016 77.53852866424148
3.4000000000000017 90.8915667098434
3.5000000000000018 80.48604131890208
3.600000000000002 53.79699150143906
3.700000000000002 58.24884553294623
3.800000000000002 86.03094464662473
3.900000000000002 56.112974543783345
4.000000000000002 12.861259595871111
4.100000000000001 67.75310475533647
4.200000000000001 24.700394729432162
4.300000000000001 50.439407169793796
4.4 90.70936170421544
4.5 9.204098018154305
4.6 35.11914936865638
4.699999999999999 60.32732299808315
4.799999999999999 0.9353544133875125
4.899999999999999 12.239208851634443
4.999999999999998 50.707256993362606
5.099999999999998 69.33419783131829
5.1999999999999975 53.381771554332246
5.299999999999997 24.96269223939741
5.399999999999997 3.889771013551868
5.4999999999999964 19.608437070605255
5.599999999999996 1.0780884426455417
5.699999999999996 36.08391959076058
5.799999999999995 4.722124834347586
5.899999999999995 87.07439109532645
5.999999999999995 86.68784540810586
6.099999999999994 2.2366184972848258
6.199999999999994 81.01509840962355
