0 0
3 0
3.049 -0.0009352
6.049 -0.0009352
-3.01 -51.8
-0.01013 -51.8
-28.46 -147.4
-25.46 -147.4
-78.78 -280.7
-75.78 -280.7
-155.8 -447.4
-154.8 -446.1
-254.9 -617.5
-251.9 -617.5
-320.1 -758.9
-317.1 -758.9
-254.2 -867.8
-251.2 -867.8
-114.7 -957.6
-111.7 -957.6
14.98 -1038
17.98 -1038
122.5 -1114
123.5 -1113
208.7 -1180
211.7 -1180
271.8 -1235
274.8 -1235
319.4 -1283
322.4 -1283
356.5 -1328
359.5 -1328
385.5 -1371
388.5 -1371
407.7 -1416
408.7 -1415
425 -1459
428 -1459
436.3 -1496
439.3 -1496
441.2 -1529
444.2 -1529
440.6 -1559
443.6 -1559
434.4 -1589
437.4 -1589
422.5 -1620
423.5 -1619
408.1 -1650
411.1 -1650
392.6 -1677
395.6 -1677
374.1 -1700
377.1 -1700
351.8 -1722
354.8 -1722
325.7 -1744
328.7 -1744
295.8 -1770
