DOF = 5
LINK_LENGTH = 10
NUM_TESTS = 20

START:
0.100114 0.70408 2.77513 1.95793 5.26081
1.59149 0.0154217 5.47797 1.29565 1.92609
1.61411 0.640882 3.54232 6.25819 3.26249
1.62833 3.08468 1.34077 4.23012 5.31071
0.461911 2.60446 1.3093 0.189671 6.14228
0.84252 1.19926 0.0461285 2.75527 0.725973
0.617665 0.37753 4.26113 2.52806 1.43732
1.41879 2.61069 2.25756 0.275619 4.38937
1.33446 1.7062 1.29868 6.22881 5.04202
1.48131 0.746504 5.94792 2.47439 0.315919
1.3335 2.58397 6.24912 3.53348 6.27924
0.468268 0.636442 3.93055 6.02313 1.02786
1.22056 1.07574 0.657157 5.42454 2.35312
1.11824 3.05159 0.707536 3.96137 1.30388
1.80374 6.0267 5.98498 1.8189 4.56226
0.158382 1.77888 1.94205 2.49932 3.62906
1.69799 5.63765 1.51338 2.28594 5.61484
0.389679 1.9143 2.86465 2.03092 1.39977
1.19569 3.05641 3.51629 2.77841 5.48848
1.51759 1.63725 4.088 3.66895 3.08224

GOAL:
0.373328 2.34356 5.7983 5.95735 2.64623
1.31847 0.931278 2.35023 3.75574 5.71979
1.40824 2.18801 0.963804 5.08073 2.00193
1.68228 0.982603 2.49457 2.69937 5.29101
1.41032 5.67692 1.57905 2.43688 3.19256
0.53355 2.86557 2.41454 1.14608 1.8204
0.586622 0.297674 3.14393 2.81845 0.681574
1.12853 2.45024 5.68461 3.05266 3.34986
1.3041 0.655155 0.984877 4.91711 5.41303
1.28951 2.58432 5.427 0.0466862 0.38313
0.390492 2.26666 0.893198 1.29659 0.0193705
1.28142 2.1063 2.04552 5.56976 0.0150111
1.30022 2.06234 5.91574 0.626133 4.4876
0.841629 1.82285 2.20991 0.291104 4.29745
1.65138 0.452794 3.54284 1.57548 5.87949
1.64951 1.61964 1.87427 3.18945 3.50661
1.84516 0.453264 4.30852 0.106616 6.04312
0.0510596 1.14917 4.35925 1.53331 4.08752
0.705089 2.18236 1.88888 4.21578 0.0372907
0.50538 2.452 3.21816 2.66903 5.8324
